vel=2.5
0.689771294594
0.699968934059
0.742805182934
0.893143951893
1.11891460419
1.70257282257
2.19522118568
2.60322475433
2.72615551949
2.6927652359
2.63062787056
2.56501579285
2.47324705124
2.42774748802
2.38645076752
2.38577723503
2.42237949371
2.45441436768
2.4575240612
2.44852805138
2.44175314903
2.44974970818
2.45300459862
2.44857192039
2.4503827095
2.44874382019
2.460719347
2.45829558372
2.44872355461
2.44536566734
2.45103764534
2.45998382568
2.45485210419
2.44742679596
2.44733929634
2.44771003723
2.45459914207
2.45745754242
2.45289850235
2.45418787003
2.4515106678
2.4510576725
2.45298647881
2.45372629166
2.45622301102
2.45139741898
2.45444869995
2.45686006546
2.44977855682
2.45745205879
2.45001101494
2.45260262489
2.46226716042
2.4582760334
2.46301484108
2.4586892128
2.46144723892
2.46004867554
2.45726108551
2.46009206772
2.45682024956
2.45965051651
2.46554517746
2.45261454582
2.45206809044
2.45340919495
2.45658421516
2.45863127708
2.46008682251
2.46434354782
2.46545672417
2.46539449692
2.47177386284
2.46591758728
2.46208715439
2.46136474609
2.46721959114
2.47119116783
2.46735835075
2.46673345566
2.45952701569
2.45973300934
2.46942472458
2.46757459641
2.46623682976
2.4592063427
2.46633601189
2.47275686264
2.46492671967
2.4688744545
2.46761417389
2.46762251854
2.4730618
2.46630239487
2.46729135513
2.46684765816
2.46555066109
2.47695302963
2.47523975372
2.47760295868
2.46752023697
2.46245455742
2.46807813644
2.46631073952
2.46994423866
2.47306084633
2.46923995018
2.47948932648
2.47363758087
2.47346496582
2.47115683556
2.47569417953
2.47963213921
2.47115755081
2.46408605576
2.46501469612
2.47101259232
2.4772644043
2.47330617905
2.47992920876
2.47422122955
2.46876502037
2.47294020653
2.47908854485
2.48041749001
2.48077821732
2.47664046288
2.47998428345
2.47574687004
2.47773146629
2.47577023506
2.47801494598
2.48138427734
2.47459602356
2.47499394417
2.47397017479
2.47696518898
2.48439764977
2.47652363777
2.48008775711
2.48464536667
2.48398923874
2.48041057587
2.48167395592
2.48340988159
2.47889232635
2.47794437408
2.48883605003
2.48136305809
2.48255300522
2.48278403282
2.48603415489
2.48611760139
2.48325300217
2.48138594627
2.47881865501
2.48030352592
2.48757171631
2.48675894737
2.47912859917
2.47935914993
2.48464417458
2.48870682716
2.48362588882
2.48702406883
2.4792342186
2.48315000534
2.48735976219
2.48945736885
